4294967279,106
4294967279,105
4294967279,104
4294967279,103
4294967279,102
4294967279,101
4294967279,100
4294967279,99
4294967279,98
4294967279,97
4294967278,266
4294967279,343
4294967278,265
4294967278,11
4294967278,10
4294967278,9
4294967278,4
4294967279,126
4294967279,125
4294967279,124
4294967279,123
4294967279,122
4294967279,121
4294967279,120
4294967279,119
4294967279,118
4294967279,117
4294967279,116
4294967279,115
4294967279,114
4294967279,113
4294967279,112
4294967279,111
4294967279,110
4294967279,109
4294967279,108
4294967279,107
4294967279,342
4294967279,341
4294967278,545
4294967278,8
4294967279,340
4294967278,7
4294967278,263
4294967278,544
4294967278,6
4294967279,256
4294967278,5
4294967279,255
4294967279,339
4294967279,132
4294967278,543
4294967279,131
4294967279,338
4294967279,130
4294967278,256
4294967279,337
4294967279,129
4294967279,128
4294967279,253
4294967278,542
4294967279,336
4294967279,127
4294967278,131
4294967278,121
4294967278,120
4294967278,119
4294967278,114
4294967278,109
4294967278,107
4294967278,106
4294967278,105
4294967278,102
4294967278,97
4294967278,94
4294967278,93
4294967278,87
4294967278,86
4294967278,83
4294967278,78
4294967278,76
4294967278,75
4294967278,73
4294967278,68
4294967278,66
4294967278,64
4294967278,62
4294967278,61
4294967278,56
4294967278,54
4294967278,52
4294967278,51
4294967278,50
4294967278,49
4294967278,46
4294967278,44
4294967278,43
4294967278,259
4294967278,41
4294967278,39
4294967278,38
4294967278,37
4294967278,36
4294967278,35
4294967278,34
4294967278,33
4294967278,32
4294967278,31
4294967278,30
4294967278,29
4294967278,28
4294967278,27
4294967278,26
4294967278,25
4294967278,24
4294967278,23
4294967278,22
4294967278,21
4294967278,20
4294967278,19
4294967278,18
4294967278,17
4294967278,272
4294967278,16
4294967278,15
4294967278,14
4294967278,13
4294967278,12
4294967279,21
4294967279,20
4294967279,19
4294967279,267
4294967279,18
4294967279,17
4294967279,16
4294967279,15
4294967279,14
4294967279,13
4294967279,12
4294967279,11
4294967279,10
4294967279,9
4294967279,8
4294967279,6
4294967279,335
4294967278,253
4294967294,469
4294967278,117
4294967278,243
4294967278,240
4294967278,112
4294967278,235
4294967278,103
4294967294,50
4294967278,111
4294967278,233
4294967278,110
4294967278,231
4294967278,108
4294967278,227
4294967278,224
33,5
33,4
33,3
33,2
33,1
4294967278,217
4294967278,541
4294967278,101
4294967278,540
4294967278,100
4294967278,539
4294967278,538
4294967278,98
4294967278,209
4294967278,208
32,5
32,4
32,3
32,2
32,1
4294967279,334
4294967279,333
4294967278,537
4294967278,92
4294967278,536
4294967278,88
4294967278,174
4294967278,91
4294967279,332
4294967294,421
4294967294,962
4294967294,913
4294967278,535
4294967278,89
4294967278,200
4294967279,331
4294967278,534
4294967278,85
4294967278,533
4294967278,82
4294967278,532
4294967278,81
4294967278,531
4294967278,80
4294967279,330
4294967278,190
4294967278,530
4294967278,77
4294967278,185
4294967278,186
4294967294,107
4294967278,183
4294967279,329
4294967278,182
4294967294,29
4294967294,99
4294967294,76
4294967294,38
4294967294,36
4294967294,42
4294967294,41
4294967294,39
4294967294,45
4294967294,44
4294967294,52
4294967294,51
4294967294,82
4294967294,92
4294967294,91
4294967294,88
4294967294,86
4294967294,85
4294967294,413
4294967294,949
4294967294,178
4294967294,406
4294967294,167
4294967294,415
4294967294,946
4294967294,414
4294967294,384
4294967294,175
4294967294,164
4294967294,160
4294967294,113
4294967294,466
4294967294,453
4294967294,451
4294967294,388
4294967294,120
4294967278,180
4294967279,328
4294967278,529
4294967278,65
4294967279,327
28,5
28,4
28,3
28,2
28,1
4294967278,528
4294967278,60
4294967278,527
4294967278,59
4294967279,326
4294967278,526
4294967278,57
4294967278,168
4294967278,525
4294967278,55
4294967278,166
4294967278,165
4294967279,325
4294967278,524
4294967278,48
4294967278,523
4294967278,47
4294967278,156
4294967279,324
4294967294,951
4294967279,323
4294967278,40
4294967279,322
25,5
25,4
25,3
25,2
25,1
4294967278,522
4294967294,5
4294967279,321
4294967278,521
4294967294,1419
4294967279,320
4294967278,520
4294967279,319
4294967279,136
4294967279,318
4294967278,519
4294967278,518
4294967278,0
4294967279,268
4294967279,279
4294967278,517
4294967279,317
22,5
22,4
4294967279,265
22,3
22,2
22,1
4294967279,277
4294967279,264
4294967279,263
4294967279,316
4294967279,262
21,5
4294967279,7
4294967279,259
21,4
4294967279,258
21,3
21,2
21,1
4294967279,257
4294967279,5
4294967278,516
4294967279,4
4294967279,254
4294967279,274
4294967278,515
4294967278,132
4294967279,315
4294967278,257
4294967294,474
4294967279,314
4294967279,313
4294967279,260
4294967279,0
4294967278,514
4294967278,513
4294967278,130
4294967279,312
4294967278,512
4294967278,129
4294967278,319
4294967278,128
4294967279,311
4294967278,318
4294967278,317
4294967278,127
20,5
4294967279,310
